61 1500 1500 1500 58.947249 63.780424
130 1500 1500 1500 64.114519 54.924942
193 1500 1500 1500 55.325026 63.775995
261 1500 1500 1500 55.324751 61.421525
330 1500 1500 1500 49.163801 54.985798
394 1500 1500 1500 69.658555 51.388843
462 1500 1500 1500 53.584812 57.610657
530 1500 1500 1500 54.716584 60.943152
594 1500 1500 1500 52.611131 60.804586
662 1500 1500 1500 50.657456 64.054526
730 1500 1500 1500 55.892690 69.650147
794 1500 1500 1500 54.411194 72.650504
862 1500 1500 1500 52.391941 55.120742
932 1500 1500 1500 59.371179 64.148035
994 1500 1500 1500 54.295176 57.551840
1061 1500 1500 1500 53.201553 60.948408
1129 1500 1500 1500 56.677138 61.005208
1193 1500 1500 1500 56.716315 65.013217
1261 1500 1500 1500 44.228047 61.205555
1330 1500 1500 1500 50.767883 49.434376
1394 1500 1500 1500 56.124513 45.651758
1462 1500 1500 1500 59.103883 84.673746
1530 1500 1500 1500 59.358460 64.012273
1594 1500 1500 1500 42.091254 64.945442
1662 1500 1500 1500 64.394021 69.572792
1730 1500 1500 1500 54.321712 63.222920
1794 1500 1500 1500 53.836180 54.882580
1862 1500 1500 1500 59.885451 56.361999
1932 1500 1500 1500 54.309461 61.190766
1994 1500 1500 1500 63.551794 57.240418
2061 1500 1500 1500 47.726443 64.992876
2131 1500 1500 1500 49.105743 63.884586
2193 1500 1500 1500 66.674130 64.955604
2261 1500 1500 1500 62.659301 57.918729
2330 1500 1500 1500 54.842449 58.550158
2396 1500 1500 1500 51.700279 65.005306
2462 1500 1500 1500 54.846822 55.344466
2526 1500 1500 1500 62.573744 50.654795
2594 1500 1500 1500 50.004084 63.529649
2662 1500 1500 1500 60.992045 56.258190
2726 1500 1500 1500 55.813849 57.247229
2798 1500 1500 1500 54.648228 69.506376
2863 1500 1500 1500 55.723464 60.939999
2926 1500 1500 1500 55.529270 61.049429
2994 1500 1500 1500 61.766152 51.759482
3061 1500 1500 1500 66.719380 57.979012
3127 1500 1500 1500 57.801936 51.767120
3193 1500 1500 1500 62.320841 62.189809
3261 1500 1500 1500 63.140471 50.390883
3326 1500 1500 1500 58.299097 57.991869
3394 1500 1500 1500 63.151083 58.794073
3462 1500 1500 1500 51.554161 49.867429
3526 1500 1500 1500 57.822494 58.996785
3594 1500 1500 1500 55.334231 53.923059
3662 1500 1500 1500 51.718168 54.409495
3726 1500 1500 1500 62.237935 62.337452
3794 1500 1500 1500 44.764585 65.787680
3862 1500 1500 1500 58.918325 45.791377
3926 1500 1500 1500 59.061027 65.050524
3994 1500 1500 1500 58.705369 49.540924
4061 1500 1500 1500 51.969606 59.266382
4125 1500 1500 1500 53.580985 73.488974
4193 1500 1500 1500 51.336740 70.871252
4261 1500 1500 1500 51.483432 53.842267
4328 1500 1500 1500 53.076637 60.581778
4394 1500 1500 1500 60.178865 64.257317
4462 1500 1500 1500 58.422820 61.756757
4526 1500 1500 1500 56.533966 57.401228
4594 1500 1500 1500 49.933874 61.194991
4658 1500 1500 1500 52.413062 54.780541
4728 1500 1500 1500 47.485251 56.163172
4794 1500 1500 1500 55.514564 55.330506
4858 1500 1500 1500 59.873288 64.788720
4926 1500 1500 1500 45.512804 55.690306
4994 1500 1500 1500 49.362441 62.322346
5057 1500 1500 1500 51.700689 55.185599
5125 1500 1500 1500 62.811191 54.675095
5193 1500 1500 1500 54.371436 64.181467
5257 1500 1500 1500 62.354533 68.644663
5326 1500 1500 1500 54.610036 55.947321
5394 1500 1500 1500 52.547339 57.390490
5458 1500 1500 1500 45.769778 54.151068
5526 1500 1500 1500 52.807911 57.435414
5594 1500 1500 1500 54.063875 55.364949
5658 1500 1500 1500 47.673365 61.064177
5726 1500 1500 1500 59.719566 52.050014
5794 1500 1500 1500 47.440194 69.087483
5858 1500 1500 1500 55.754932 61.179149
5926 1500 1500 1500 54.857392 50.527507
5994 1500 1500 1500 53.921834 57.944414
6057 1500 1500 1500 59.942246 61.634125
6128 1500 1500 1500 52.744379 48.659166
6193 1500 1500 1500 53.674400 56.156529
6257 1500 1500 1500 51.623281 51.664561
6326 1500 1500 1500 51.138319 64.006715
6394 1500 1500 1500 56.590111 65.209051
6458 1500 1500 1500 48.874749 57.138386
6526 1500 1500 1500 48.506934 44.062988
6594 1500 1500 1500 56.655861 51.382124
6660 1500 1500 1500 52.050639 55.662158
6726 1500 1500 1500 52.461360 79.817339
6791 1500 1500 1500 55.576731 73.000845
6863 1500 1500 1500 55.419451 46.759750
6929 1500 1500 1500 59.453401 65.533020
6990 1500 1500 1500 55.743044 57.309544
7057 1500 1500 1500 55.786326 67.657495
7125 1500 1500 1500 52.717185 57.208326
7189 1500 1500 1500 52.174397 64.953345
7257 1500 1500 1500 45.007252 56.316254
7326 1500 1500 1500 60.904463 62.548290
7390 1500 1500 1500 53.513552 56.862621
7461 1500 1500 1500 59.420254 57.175285
7526 1500 1500 1500 66.904817 54.329521
7590 1500 1500 1500 56.962964 63.400820
7660 1500 1500 1500 55.775488 51.428343
7726 1500 1500 1500 54.740976 59.000828
7797 1500 1500 1500 53.377050 61.564936
7860 1500 1500 1500 52.054072 61.317664
7926 1500 1500 1500 56.186470 57.126740
7990 1500 1500 1500 56.912292 60.649668
8057 1500 1500 1500 58.320872 73.243966
8125 1500 1500 1500 55.945317 57.778706
8189 1500 1500 1500 53.251922 48.847365
8257 1500 1500 1500 65.871675 62.340689
8326 1500 1500 1500 49.211397 50.885088
8390 1500 1500 1500 50.953671 67.978334
8458 1500 1500 1500 58.555451 61.775978
8526 1500 1500 1500 51.778144 47.560737
8590 1500 1500 1500 48.439074 66.157198
8658 1500 1500 1500 56.754673 54.912044
8726 1500 1500 1500 50.684310 55.517962
8790 1500 1500 1500 61.391452 61.764231
8860 1500 1500 1500 56.905590 55.452583
8929 1500 1500 1500 48.535913 59.076695
8990 1500 1500 1500 54.172307 46.878981
9057 1500 1500 1500 43.252317 55.988891
9121 1500 1500 1500 55.031414 48.838787
9189 1500 1500 1500 55.850574 47.477683
9257 1500 1500 1500 52.955703 61.658629
9324 1500 1500 1500 58.530609 48.338943
9390 1500 1500 1500 56.800463 57.766893
9461 1500 1500 1500 50.234461 54.152875
9527 1500 1500 1500 58.462659 43.839015
9594 1500 1500 1500 48.859993 41.363678
9659 1500 1500 1500 49.780373 56.977555
9725 1500 1500 1500 57.943480 51.181974
9790 1500 1500 1500 54.467756 61.841164
9858 1500 1500 1500 54.702014 58.202054
9922 1500 1500 1500 51.920584 65.595733
9990 1500 1500 1500 56.422220 54.566270
10062 1500 1500 1500 52.755553 47.952008
10121 1500 1500 1500 51.637021 49.317090
10189 1500 1500 1500 50.122965 51.066916
10257 1500 1500 1500 56.138803 52.052580
10322 1500 1500 1500 51.485671 53.455885
10390 1500 1500 1500 53.984801 53.548338
10458 1500 1500 1500 59.354331 67.150953
10522 1500 1500 1500 51.155751 79.258621
10592 1500 1500 1500 53.841743 58.458141
10658 1500 1500 1500 50.081578 51.151923
10722 1500 1500 1500 54.657331 57.181114
10790 1500 1500 1500 55.537215 51.241316
10858 1500 1500 1500 52.430319 54.885341
10922 1500 1500 1500 54.592705 46.066192
10990 1500 1500 1500 45.058057 58.397230
11057 1430 1283 1500 49.732252 53.987813
11121 1430 1283 1500 62.741584 58.277637
11189 1430 1283 1500 75.549938 50.709668
11253 1430 1283 1500 84.561090 46.608591
11322 1428 1290 1500 69.460085 60.868519
11390 1428 1290 1500 79.058654 74.237594
11454 1428 1290 1500 74.977937 46.963233
11522 1427 1297 1500 78.481305 46.034867
11592 1427 1297 1500 74.267813 43.513738
11654 1427 1297 1500 71.650113 48.239000
11722 1427 1297 1500 68.700662 47.943850
11790 1425 1303 1500 70.887380 47.756790
11854 1425 1303 1500 72.775719 50.387141
11922 1425 1303 1500 73.519001 46.913184
11990 1425 1303 1500 72.732728 41.539445
12053 1424 1309 1500 70.178084 50.212985
12121 1424 1309 1500 74.416096 54.101104
12189 1424 1309 1500 72.386153 48.399223
12253 1424 1309 1500 74.487703 48.680992
12322 1422 1315 1500 74.960101 44.515286
12390 1422 1315 1500 70.273039 51.739869
12454 1422 1315 1500 78.732082 56.409275
12522 1421 1320 1500 70.425402 48.439122
12590 1421 1320 1500 71.618773 52.120586
12654 1421 1320 1500 75.296984 49.127388
12722 1421 1320 1500 76.310221 52.982082
12790 1420 1325 1500 71.696766 43.318358
12854 1420 1325 1500 73.785218 50.632739
12922 1420 1325 1500 72.895747 51.261883
12990 1420 1325 1500 72.449432 48.400727
13053 1418 1330 1500 72.739101 44.758680
13121 1418 1330 1500 78.524683 44.674249
13189 1418 1330 1500 77.269969 51.237615
13253 1418 1330 1500 70.253108 45.690243
13322 1417 1335 1500 70.043693 49.390273
13386 1417 1335 1500 77.695639 55.586728
13454 1417 1335 1500 70.676797 50.123844
13522 1416 1340 1500 70.414012 49.389233
13586 1416 1340 1500 74.163062 58.490620
13654 1416 1340 1500 70.413913 43.458755
13722 1416 1340 1500 75.576544 48.878667
13786 1414 1344 1500 73.366072 47.870336
13854 1414 1344 1500 80.673917 47.332755
13922 1414 1344 1500 71.181494 42.373184
13986 1414 1344 1500 72.146379 43.640812
14053 1413 1349 1500 68.620225 48.289467
14122 1413 1349 1500 72.318192 46.709208
14185 1413 1349 1500 76.301899 42.159614
14253 1413 1349 1500 71.062601 48.713068
14322 1412 1353 1500 70.542808 42.714613
14386 1412 1353 1500 77.738787 52.342636
14454 1412 1353 1500 74.751763 48.542338
14522 1412 1353 1500 74.954157 47.764512
14586 1411 1357 1500 74.288178 44.006668
14654 1411 1357 1500 77.667662 42.490848
14724 1411 1357 1500 74.104127 39.710831
14786 1409 1361 1500 73.563837 42.195177
14856 1409 1361 1500 73.209740 39.048414
14922 1409 1361 1500 75.039736 44.276768
14986 1409 1361 1500 74.831604 46.519921
15053 1408 1365 1500 71.047251 47.965047
15121 1408 1365 1500 73.172865 44.242465
15185 1408 1365 1500 70.602107 44.543658
15253 1408 1365 1500 75.296637 49.703167
15322 1407 1369 1500 80.902666 45.103755
15386 1407 1369 1500 71.025223 43.956774
15454 1407 1369 1500 74.395951 53.481933
15522 1407 1369 1500 79.657016 45.558635
15586 1406 1373 1500 75.827407 41.000062
15654 1406 1373 1500 73.329778 47.129873
15718 1406 1373 1500 71.118691 44.761316
15787 1406 1373 1500 81.446878 38.593009
15854 1404 1377 1500 70.723325 50.243807
15918 1404 1377 1500 69.702504 53.874131
15986 1404 1377 1500 73.116819 48.878810
16053 1404 1377 1500 72.141452 44.191194
16117 1403 1380 1500 73.172159 44.615809
16186 1403 1380 1500 73.459988 46.592749
16253 1403 1380 1500 73.749092 37.683831
16318 1403 1380 1500 73.865896 49.334924
16386 1402 1384 1500 75.782327 47.902677
16456 1402 1384 1500 72.601114 42.487480
16518 1402 1384 1500 73.665779 43.614019
16586 1402 1384 1500 72.524188 53.304473
16654 1401 1387 1500 73.370220 58.026577
16719 1401 1387 1500 72.710083 52.271012
16787 1401 1387 1500 71.572497 52.768616
16854 1400 1391 1500 75.303033 68.344522
16918 1400 1391 1500 73.473222 46.768263
16986 1400 1391 1500 80.082928 48.864698
17053 1400 1391 1500 79.525957 42.607880
17117 1399 1394 1500 76.071367 40.690244
17185 1399 1394 1500 78.274624 51.023729
17253 1399 1394 1500 80.118685 52.977809
17318 1399 1394 1500 72.445869 54.161756
17386 1398 1398 1500 80.240040 51.287388
17455 1398 1398 1500 76.801949 49.586563
17518 1398 1398 1500 81.142483 50.449367
17586 1398 1398 1500 79.925391 50.784635
17654 1397 1401 1500 75.012888 50.008895
17720 1397 1401 1500 73.704023 55.144076
17786 1397 1401 1500 75.439950 50.687494
17850 1397 1401 1500 78.708607 48.607808
17918 1395 1404 1500 75.226568 51.966067
17986 1395 1404 1500 78.678603 64.618227
18049 1395 1404 1500 73.681711 64.777460
18117 1395 1404 1500 75.288527 62.603002
18185 1394 1407 1500 72.348266 47.996237
18251 1394 1407 1500 76.429693 58.571435
18318 1394 1407 1500 77.484874 55.040722
18386 1393 1410 1500 75.751025 59.902757
18450 1393 1410 1500 77.317142 62.194114
18518 1393 1410 1500 75.479029 60.742772
18586 1393 1410 1500 78.087963 47.776785
18650 1392 1413 1500 74.199070 51.878464
18718 1392 1413 1500 81.129108 49.386187
18786 1392 1413 1500 79.369031 59.461921
18850 1392 1413 1500 79.413766 51.826763
18918 1391 1416 1500 77.744667 59.920222
18986 1391 1416 1500 82.085899 50.899754
19049 1391 1416 1500 81.936518 58.784010
19117 1391 1416 1500 91.494890 85.969130
19185 1390 1419 1500 78.816514 72.808558
19249 1390 1419 1500 79.689896 58.358328
19318 1390 1419 1500 78.492729 60.266502
19386 1390 1419 1500 83.362236 62.899303
19450 1389 1422 1500 79.540906 56.119535
19520 1389 1422 1500 83.559524 55.641528
19587 1389 1422 1500 80.302896 58.146440
19651 1388 1425 1500 86.484842 61.825127
19719 1388 1425 1500 82.322440 62.479002
19787 1388 1425 1500 82.063431 65.529601
19853 1388 1425 1500 86.066232 63.005149
19918 1387 1428 1500 80.503945 52.299777
19982 1387 1428 1500 79.018835 57.330985
20049 1387 1428 1500 79.273368 55.273783
20117 1387 1428 1500 78.670302 60.467094
20181 1386 1431 1500 79.509197 54.277805
20249 1386 1431 1500 88.769809 48.292141
20318 1386 1431 1500 77.334923 61.079984
20384 1386 1431 1500 79.865395 64.063425
20450 1385 1433 1500 87.934973 57.156831
20518 1385 1433 1500 89.824852 55.066157
20584 1385 1433 1500 84.695956 61.460792
20653 1385 1433 1500 90.795027 63.285451
20718 1385 1436 1500 79.913547 67.396723
20783 1385 1436 1500 88.215732 63.908992
20850 1385 1436 1500 89.101058 64.785342
20918 1385 1436 1500 91.626015 68.063507
20982 1384 1439 1500 89.801167 60.292441
21049 1384 1439 1500 84.079639 60.685216
21117 1384 1439 1500 88.358889 55.817206
21181 1384 1439 1500 85.678594 69.782073
21249 1383 1441 1500 81.651686 51.782401
21318 1383 1441 1500 84.963921 61.162257
21382 1383 1441 1500 75.814584 58.869610
21450 1383 1441 1500 88.537872 59.342670
21518 1382 1444 1500 84.736993 58.712627
21584 1382 1444 1500 82.441079 53.914074
21652 1382 1444 1500 89.240066 50.738813
21718 1381 1446 1500 83.463812 53.846751
21782 1381 1446 1500 80.244046 55.856764
21850 1381 1446 1500 83.610378 66.571673
21918 1381 1446 1500 82.325947 61.741813
21982 1380 1449 1500 81.966079 51.083568
22049 1380 1449 1500 81.220743 56.724904
22117 1380 1449 1500 80.590778 63.944509
22181 1380 1449 1500 82.270186 52.040606
22249 1379 1451 1500 91.146426 58.499126
22314 1379 1451 1500 77.597046 56.611589
22384 1379 1451 1500 88.201259 63.800355
22450 1378 1454 1500 80.946996 65.433946
22516 1378 1454 1500 79.128130 49.021750
22582 1378 1454 1500 77.983577 59.161809
22650 1378 1454 1500 79.167699 62.930927
22714 1378 1456 1500 83.074446 60.266502
22782 1378 1456 1500 95.836787 55.419932
22850 1378 1456 1500 82.081879 53.478977
22914 1378 1456 1500 75.011576 54.865096
22982 1377 1459 1500 84.517815 60.979956
23051 1377 1459 1500 86.554903 64.668351
23116 1377 1459 1500 82.757250 56.952418
23181 1376 1461 1500 86.512639 52.041461
23251 1376 1461 1500 86.293398 60.359943
23317 1376 1461 1500 81.005391 63.810324
23382 1376 1461 1500 86.175959 55.132780
23450 1375 1464 1500 86.537042 56.866479
23514 1375 1464 1500 97.269451 51.790894
23582 1375 1464 1500 85.954013 61.476719
23650 1375 1464 1500 84.634419 60.476467
23714 1374 1466 1500 85.766879 67.193023
23782 1374 1466 1500 77.446357 55.585317
23850 1374 1466 1500 83.778640 56.064578
23914 1374 1466 1500 85.865630 60.144254
23982 1374 1466 1500 79.908373 63.735049
24049 1374 1466 1500 86.464979 55.577827
24115 1374 1466 1500 81.773797 62.754500
24181 1372 1469 1500 83.662631 59.149641
24249 1372 1469 1500 89.410522 56.719135
24314 1372 1469 1500 87.075219 51.904033
24384 1372 1469 1500 86.688609 47.787823
24447 1369 1473 1500 85.016349 49.126196
24514 1369 1473 1500 82.010354 60.086343
24582 1369 1473 1500 81.130177 51.047776
24646 1369 1473 1500 89.891430 54.657700
24716 1366 1476 1500 85.455425 46.519060
24784 1366 1476 1500 87.093173 51.373727
24848 1366 1476 1500 79.839511 54.068003
24915 1363 1480 1500 85.841967 53.074206
24982 1363 1480 1500 88.201815 68.790381
25045 1363 1480 1500 95.955714 56.260092
25113 1363 1480 1500 90.551117 61.528781
25181 1360 1483 1500 86.858183 60.560907
25245 1360 1483 1500 103.562471 53.211597
25315 1360 1483 1500 99.191027 53.123469
25383 1358 1486 1500 86.761281 57.544004
25446 1358 1486 1500 97.431944 54.838424
25515 1358 1486 1500 99.998895 52.116795
25585 1358 1486 1500 106.962800 54.039152
25646 1355 1490 1500 110.476724 48.637461
25716 1355 1490 1500 98.854928 53.740168
25782 1355 1490 1500 96.501938 61.700205
25846 1355 1490 1500 98.998943 58.454145
25914 1352 1493 1500 94.970238 61.389709
25982 1352 1493 1500 88.729154 61.880742
26045 1352 1493 1500 97.219478 54.354041
26113 1352 1493 1500 103.137512 54.170052
26181 1350 1496 1500 95.017050 50.919887
26245 1350 1496 1500 108.478397 59.617283
26314 1350 1496 1500 106.745097 53.756271
26382 1347 1499 1500 90.149929 57.914779
26448 1347 1499 1500 93.670281 50.711609
26514 1347 1499 1500 103.430691 50.624368
26578 1347 1499 1500 106.769908 57.599868
26646 1344 1503 1500 101.385318 52.834085
26714 1344 1503 1500 106.808995 54.814526
26778 1344 1503 1500 111.121092 58.920036
26846 1344 1503 1500 111.356531 55.341673
26914 1342 1506 1500 99.711549 53.794767
26978 1342 1506 1500 107.192697 59.208483
27047 1342 1506 1500 111.852404 55.881270
27113 1339 1509 1500 100.226633 54.213480
27179 1339 1509 1500 98.031671 54.939686
27247 1339 1509 1500 100.329186 54.603731
27316 1339 1509 1500 111.476946 52.194859
27378 1336 1512 1500 103.838640 54.157395
27446 1336 1512 1500 101.215997 54.757595
27514 1336 1512 1500 102.573964 53.550118
27578 1336 1512 1500 105.514616 51.041953
27648 1334 1515 1500 104.220605 54.788805
27714 1334 1515 1500 102.567412 57.687234
27780 1334 1515 1500 106.007710 52.987271
27846 1331 1518 1500 106.365495 53.574158
27915 1331 1518 1500 103.190989 54.334060
27979 1331 1518 1500 105.961592 52.638039
28045 1331 1518 1500 102.552995 52.981132
28113 1329 1521 1500 106.234965 53.360995
28177 1329 1521 1500 100.310545 52.287722
28245 1329 1521 1500 112.222362 52.523500
28314 1329 1521 1500 108.349081 56.837549
28378 1326 1524 1500 109.645300 52.342000
28446 1326 1524 1500 98.582563 54.438616
28514 1326 1524 1500 99.813093 53.215126
28578 1326 1524 1500 112.886420 66.904905
28646 1324 1527 1500 103.516555 61.390769
28714 1324 1527 1500 106.217210 51.536980
28780 1324 1527 1500 111.327888 53.405307
28848 1321 1530 1500 106.151233 53.240723
28912 1321 1530 1500 95.057470 56.252483
28980 1321 1530 1500 111.177331 49.017829
29045 1321 1530 1500 117.525325 52.247281
29109 1319 1533 1500 107.995156 51.841891
29178 1319 1533 1500 113.491996 55.623720
29246 1319 1533 1500 114.969828 49.428026
29310 1316 1536 1500 106.893418 55.711899
29378 1316 1536 1500 101.348296 53.849442
29446 1316 1536 1500 105.824513 51.700127
29512 1316 1536 1500 94.346949 53.245138
29578 1314 1538 1500 104.304595 48.595642
29648 1314 1538 1500 110.908915 53.352138
29710 1314 1538 1500 109.970420 53.708876
29780 1314 1538 1500 114.079447 54.188142
29846 1311 1541 1500 104.066677 51.829135
29912 1311 1541 1500 113.766800 51.541197
29980 1311 1541 1500 111.756349 47.476936
30047 1311 1541 1500 100.540739 52.212898
30111 1309 1544 1500 103.751712 51.756087
30184 1309 1544 1500 97.722565 48.820858
30245 1309 1544 1500 110.328082 51.270605
30312 1309 1544 1500 113.925611 54.216196
30378 1306 1547 1500 108.834753 50.762737
30446 1306 1547 1500 116.826398 50.311773
30510 1306 1547 1500 110.278471 50.819726
30578 1306 1547 1500 108.155531 47.860353
30646 1304 1549 1500 115.072618 51.384644
30710 1304 1549 1500 113.307766 50.499648
30780 1304 1549 1500 114.649064 53.950926
30846 1301 1552 1500 118.219750 50.277576
30912 1301 1552 1500 116.369951 50.565234
30978 1301 1552 1500 116.309185 49.447080
31041 1301 1552 1500 116.216255 51.673872
31109 1299 1555 1500 119.914691 51.256376
31177 1299 1555 1500 122.248853 44.047690
31241 1299 1555 1500 125.742138 49.908464
31310 1299 1555 1500 121.502874 53.945531
31378 1296 1558 1500 113.277592 50.686072
31442 1296 1558 1500 117.114867 54.963658
31510 1296 1558 1500 120.332528 51.488937
31580 1296 1558 1500 111.619755 48.081990
31642 1294 1560 1500 114.295797 48.995102
31712 1294 1560 1500 111.644718 50.832127
31779 1294 1560 1500 115.996619 56.531104
31842 1294 1560 1500 111.676800 45.331332
31910 1292 1563 1500 113.033376 55.366812
31978 1292 1563 1500 115.171856 53.608016
32041 1292 1563 1500 115.156079 58.676474
32109 1292 1563 1500 110.349853 50.310959
32177 1289 1565 1500 105.605259 43.921634
32241 1289 1565 1500 112.156313 44.601075
32312 1289 1565 1500 106.730805 51.354422
32379 1287 1568 1500 118.734190 57.922680
32442 1287 1568 1500 109.661161 58.186158
32510 1287 1568 1500 126.338463 59.680796
32580 1287 1568 1500 113.252049 53.006573
32642 1285 1571 1500 112.583342 51.491464
32711 1285 1571 1500 115.211280 49.358251
32779 1285 1571 1500 112.170472 51.275629
32845 1285 1571 1500 101.381352 43.026948
32910 1282 1573 1500 110.744275 50.435002
32978 1282 1573 1500 115.477569 41.690181
33041 1282 1573 1500 113.134659 45.660201
33110 1282 1573 1500 116.872390 51.130236
33173 1280 1576 1500 113.894570 40.888211
33241 1280 1576 1500 122.279346 44.183007
33311 1280 1576 1500 121.188816 54.526106
33374 1278 1578 1500 110.647968 49.095534
33442 1278 1578 1500 114.334639 48.611898
33513 1278 1578 1500 106.551483 41.840321
33574 1275 1581 1500 115.136915 45.789257
33642 1275 1581 1500 114.384870 41.907742
33710 1275 1581 1500 114.251213 54.753924
33774 1275 1581 1500 125.267173 46.205635
33842 1273 1583 1500 114.327786 51.100228
33912 1273 1583 1500 102.475643 41.437077
33975 1273 1583 1500 117.332419 42.917010
34041 1271 1586 1500 124.745869 49.823231
34109 1271 1586 1500 110.935320 42.283610
34173 1271 1586 1500 114.944952 41.667067
34241 1271 1586 1500 119.498528 44.459676
34310 1268 1588 1500 116.572777 52.878664
34374 1268 1588 1500 119.860919 50.584113
34444 1268 1588 1500 112.906266 41.548786
34510 1266 1591 1500 113.340246 42.208993
34574 1266 1591 1500 109.656281 42.203405
34642 1266 1591 1500 120.849346 42.547092
34710 1266 1591 1500 109.388658 40.961410
34774 1264 1593 1500 117.828483 43.260460
34842 1264 1593 1500 114.539877 43.038479
34910 1264 1593 1500 103.937166 42.646032
34974 1264 1593 1500 118.138516 40.186275
35041 1261 1595 1500 115.372093 44.805284
35109 1261 1595 1500 116.858158 40.983293
35173 1261 1595 1500 102.223600 39.682377
35241 1261 1595 1500 114.254644 47.095216
35310 1259 1598 1500 127.639027 40.142782
35374 1259 1598 1500 115.676794 44.110267
35442 1259 1598 1500 103.972148 45.462434
35506 1259 1598 1500 114.554674 44.980022
35574 1257 1600 1500 114.259218 47.952766
35645 1257 1600 1500 120.635948 49.980194
35708 1257 1600 1500 115.679029 41.736472
35774 1255 1603 1500 123.431547 47.882295
35842 1255 1603 1500 117.647438 42.439126
35906 1255 1603 1500 119.294909 41.340860
35974 1255 1603 1500 112.537589 40.616212
36041 1252 1605 1500 103.543862 44.753412
36107 1252 1605 1500 116.536453 47.533028
36174 1252 1605 1500 119.418222 41.934146
36241 1250 1607 1500 130.027067 44.302203
36306 1250 1607 1500 121.795959 42.151931
36377 1250 1607 1500 115.957708 41.418406
36442 1250 1607 1500 110.735853 42.280497
36506 1250 1607 1500 126.166700 42.559046
36574 1250 1607 1500 112.763712 49.022534
36642 1250 1607 1500 114.428219 42.966170
36706 1251 1605 1500 108.773117 40.900593
36774 1251 1605 1500 121.745250 39.983217
36842 1251 1605 1500 117.847845 43.393233
36906 1251 1605 1500 114.861204 39.611251
36974 1252 1603 1500 128.680805 41.346863
37041 1252 1603 1500 111.822771 40.993946
37105 1252 1603 1500 119.720012 43.111626
37173 1252 1603 1500 124.533416 39.850110
37241 1253 1601 1500 121.756192 42.144497
37306 1253 1601 1500 123.020511 41.713925
37374 1253 1601 1500 125.710406 43.258522
37444 1253 1601 1500 123.537765 43.446526
37506 1253 1599 1500 113.332128 41.320461
37574 1253 1599 1500 114.992434 43.683048
37638 1253 1599 1500 105.979743 41.166803
37708 1253 1599 1500 111.802614 40.836394
37774 1254 1598 1500 120.670562 41.542130
37838 1254 1598 1500 111.963712 41.008749
37905 1254 1598 1500 120.710236 48.501360
37974 1254 1598 1500 127.918323 46.515438
38037 1255 1596 1500 120.274079 49.279139
38105 1255 1596 1500 120.345848 42.569746
38173 1255 1596 1500 128.307497 39.530305
38237 1255 1596 1500 123.078501 39.579398
38306 1256 1594 1500 113.173037 48.620417
38374 1256 1594 1500 124.323770 40.341425
38438 1256 1594 1500 127.896914 40.962001
