1233,1831,1500
1233,1833,1500
1233,1836,1500
1232,1836,1500
1231,1838,1500
1231,1841,1500
1230,1841,1500
1229,1844,1500
1228,1844,1500
1228,1846,1500
1227,1847,1500
1227,1849,1500
1226,1849,1500
1225,1852,1500
1224,1855,1500
1223,1857,1500
1222,1857,1500
1222,1860,1500
1221,1860,1500
1221,1863,1500
1219,1863,1500
1219,1865,1500
1218,1868,1500
1217,1871,1500
1216,1871,1500
1216,1873,1500
1215,1873,1500
1215,1876,1500
1214,1876,1500
1213,1879,1500
1212,1879,1500
1212,1881,1500
1212,1884,1500
1210,1884,1500
1210,1887,1500
1209,1887,1500
1209,1889,1500
1208,1890,1500
1207,1892,1500
1206,1892,1500
1206,1895,1500
1205,1895,1500
1205,1898,1500
1204,1898,1500
1203,1898,1500
1202,1895,1500
1201,1892,1500
1201,1895,1500
1200,1892,1500
1199,1890,1500
1199,1892,1500
1198,1890,1500
1198,1887,1500
1197,1887,1500
1196,1884,1500
1196,1887,1500
1195,1884,1500
1195,1881,1500
1194,1881,1500
1194,1878,1500
1193,1876,1500
1193,1878,1500
1192,1876,1500
1191,1875,1500
1190,1875,1500
1190,1878,1500
1189,1881,1500
1189,1883,1500
1190,1886,1500
1189,1889,1500
1189,1892,1500
1188,1894,1500
1186,1897,1500
1186,1894,1500
1185,1896,1500
1185,1894,1500
1185,1891,1500
1184,1888,1500
1185,1885,1500
1185,1883,1500
1185,1880,1500
1185,1877,1500
1184,1880,1500
1184,1877,1500
1183,1876,1500
1182,1876,1500
1180,1879,1500
1179,1878,1500
1179,1878,1500
1178,1878,1500
1177,1877,1500
1176,1877,1500
1175,1877,1500
1174,1876,1500
1173,1876,1500
1172,1876,1500
1171,1875,1500
1170,1872,1500
1170,1875,1500
1169,1872,1500
1169,1869,1500
1168,1871,1500
1168,1868,1500
1167,1865,1500
1167,1868,1500
1166,1864,1500
1166,1861,1500
1165,1858,1500
1165,1861,1500
1164,1857,1500
1164,1855,1500
1164,1851,1500
1163,1854,1500
1163,1851,1500
1162,1850,1500
1161,1852,1500
1160,1855,1500
1160,1855,1500
1159,1857,1500
1159,1860,1500
1158,1860,1500
1158,1862,1500
1158,1865,1500
1157,1868,1500
1158,1871,1500
1159,1875,1500
1159,1878,1500
1160,1881,1500
1160,1885,1500
1161,1888,1500
1162,1891,1500
1163,1892,1500
1163,1892,1500
1164,1893,1500
1165,1893,1500
1166,1893,1500
1167,1894,1500
1168,1894,1500
1168,1897,1500
1167,1900,1500
1167,1899,1500
1166,1902,1500
1165,1902,1500
1164,1901,1500
1164,1901,1500
1163,1901,1500
1162,1903,1500
1161,1903,1500
1161,1906,1500
1160,1905,1500
1160,1908,1500
1160,1911,1500
1159,1914,1500
1159,1917,1500
1159,1920,1500
1158,1919,1500
1158,1922,1500
1157,1922,1500
1156,1918,1500
1156,1921,1500
1156,1921,1200
1233,1826,1500
1233,1828,1500
1232,1826,1500
1232,1823,1500
1231,1823,1500
1231,1821,1500
1230,1824,1500
1229,1821,1500
1230,1819,1500
1229,1816,1500
1229,1819,1500
1228,1816,1500
1228,1814,1500
1228,1811,1500
1227,1814,1500
1227,1811,1500
1227,1809,1500
1226,1806,1500
1226,1809,1500
1225,1806,1500
1226,1804,1500
1225,1804,1500
1224,1801,1500
1223,1799,1500
1223,1801,1500
1222,1799,1500
1223,1796,1500
1222,1793,1500
1221,1796,1500
1221,1793,1500
1221,1791,1500
1221,1788,1500
1220,1791,1500
1219,1788,1500
1220,1786,1500
1219,1783,1500
1219,1786,1500
1218,1783,1500
1217,1780,1500
1218,1778,1500
1218,1775,1500
1220,1773,1500
1221,1770,1500
1223,1768,1500
1224,1765,1500
1226,1763,1500
1226,1760,1500
1227,1758,1500
1225,1758,1500
1224,1758,1500
1223,1758,1500
1222,1760,1500
1221,1760,1500
1219,1762,1500
1219,1760,1500
1219,1757,1500
1219,1755,1500
1219,1752,1500
1219,1749,1500
1220,1747,1500
1220,1744,1500
1220,1742,1500
1220,1739,1500
1220,1736,1500
1221,1734,1500
1220,1731,1500
1220,1729,1500
1221,1726,1500
1220,1723,1500
1221,1721,1500
1220,1718,1500
1220,1716,1500
1220,1713,1500
1220,1710,1500
1220,1708,1500
1219,1710,1500
1219,1707,1500
1219,1705,1500
1218,1702,1500
1218,1705,1500
1217,1702,1500
1218,1699,1500
1217,1697,1500
1217,1699,1500
1216,1696,1500
1216,1694,1500
1216,1691,1500
1215,1694,1500
1215,1691,1500
1214,1688,1500
1213,1688,1500
1212,1685,1500
1211,1684,1500
1211,1682,1500
1210,1684,1500
1209,1681,1500
1208,1681,1500
1207,1681,1500
1206,1680,1500
1206,1677,1500
1204,1677,1500
1203,1676,1500
1202,1676,1500
1201,1676,1500
1200,1678,1500
1199,1677,1500
1198,1677,1500
1196,1676,1500
1195,1678,1500
1194,1678,1500
1193,1677,1500
1192,1680,1500
1191,1679,1500
1190,1681,1500
1189,1681,1500
1188,1683,1500
1187,1683,1500
1187,1685,1500
1186,1685,1500
1185,1687,1500
1184,1687,1500
1184,1689,1500
1183,1689,1500
1182,1688,1500
1181,1685,1500
1182,1682,1500
1181,1679,1500
1181,1677,1500
1181,1674,1500
1181,1671,1500
1182,1669,1500
1184,1667,1500
1185,1665,1500
1187,1664,1500
1188,1662,1500
1190,1660,1500
1191,1658,1500
1192,1658,1500
1193,1659,1500
1194,1659,1500
1196,1660,1500
1197,1660,1500
1198,1661,1500
1199,1659,1500
1200,1656,1500
1199,1653,1500
1199,1656,1500
1198,1653,1500
1197,1652,1500
1196,1652,1500
1195,1649,1500
1195,1651,1500
1194,1648,1500
1194,1646,1500
1194,1643,1500
1194,1640,1500
1194,1638,1500
1195,1635,1500
1195,1633,1500
1195,1630,1500
1194,1632,1500
1193,1629,1500
1192,1629,1500
1192,1631,1500
1191,1631,1500
1190,1633,1500
1190,1636,1500
1190,1638,1500
1189,1641,1500
1190,1644,1500
1189,1646,1500
1189,1649,1500
1188,1648,1500
1188,1650,1500
1186,1652,1500
1185,1654,1500
1183,1654,1500
1183,1656,1500
1182,1656,1500
1182,1658,1500
1181,1657,1500
1180,1660,1500
1179,1659,1500
1178,1659,1500
1177,1655,1500
1176,1652,1500
1176,1655,1500
1175,1652,1500
1176,1649,1500
1175,1646,1500
1175,1648,1500
1174,1645,1500
1173,1642,1500
1172,1639,1500
1172,1641,1500
1171,1638,1500
1170,1635,1500
1170,1637,1500
1169,1634,1500
1168,1633,1500
1167,1630,1500
1166,1629,1500
1165,1628,1500
1164,1628,1500
1163,1624,1500
1163,1627,1500
1162,1624,1500
1161,1623,1500
1160,1622,1500
1158,1621,1500
1157,1620,1500
1156,1619,1500
1155,1618,1500
1154,1617,1500
1152,1617,1500
1151,1616,1500
1150,1615,1500
1149,1616,1500
1147,1615,1500
1146,1614,1500
1145,1613,1500
1145,1616,1500
1144,1615,1500
1142,1614,1500
1141,1615,1500
1140,1614,1500
1140,1616,1500
1138,1615,1500
1138,1618,1500
1137,1617,1500
1136,1616,1500
1136,1618,1500
1134,1617,1500
1134,1619,1500
1134,1622,1500
1133,1621,1500
1133,1623,1500
1132,1622,1500
1131,1624,1500
1131,1627,1500
1130,1626,1500
1130,1628,1500
1130,1630,1500
1129,1629,1500
1128,1632,1500
1128,1634,1500
1127,1635,1500
1127,1638,1500
1127,1640,1500
1126,1643,1500
1125,1644,1500
1125,1646,1500
1125,1649,1500
1125,1651,1500
1125,1654,1500
1123,1655,1500
1123,1657,1500
1123,1660,1500
1123,1662,1500
1123,1665,1500
1123,1667,1500
1123,1670,1500
1123,1672,1500
1122,1674,1500
1122,1677,1500
1122,1679,1500
1122,1682,1500
1122,1684,1500
1122,1687,1500
1122,1689,1500
1122,1692,1500
1121,1694,1500
1121,1697,1500
1121,1699,1500
1121,1702,1500
1121,1705,1500
1121,1707,1500
1121,1710,1500
1121,1712,1500
1120,1715,1500
1120,1717,1500
1120,1720,1500
1120,1722,1500
1120,1725,1500
1120,1728,1500
1119,1729,1500
1119,1731,1500
1119,1734,1500
1118,1737,1500
1118,1739,1500
1118,1742,1500
1118,1744,1500
1118,1747,1500
1119,1751,1500
1119,1754,1500
1119,1756,1500
1119,1759,1500
1118,1762,1500
1118,1764,1500
1118,1767,1500
1118,1770,1500
1118,1772,1500
1118,1775,1500
1118,1778,1500
1118,1781,1500
1118,1783,1500
1117,1786,1500
1117,1789,1500
1118,1793,1500
1118,1796,1500
1118,1798,1500
1118,1801,1500
1118,1804,1500
1118,1808,1500
1118,1811,1500
1118,1814,1500
1119,1818,1500
1119,1821,1500
1119,1825,1500
1119,1828,1500
1120,1832,1500
1120,1835,1500
1120,1839,1500
1121,1843,1500
1122,1847,1500
1122,1851,1500
1123,1855,1500
1123,1860,1500
1124,1861,1500
1125,1865,1500
1125,1866,1500
1126,1870,1500
1127,1871,1500
1128,1872,1500
1128,1876,1500
1129,1877,1500
1130,1878,1500
1130,1879,1500
1131,1880,1500
1132,1881,1500
1133,1882,1500
1134,1883,1500
1134,1884,1500
1135,1885,1500
1136,1886,1500
1137,1887,1500
1137,1888,1500
1138,1889,1500
1139,1889,1500
1140,1887,1500
1141,1888,1500
1142,1889,1500
1143,1887,1500
1144,1887,1500
1145,1885,1500
1145,1886,1500
1147,1884,1500
1148,1882,1500
1149,1882,1500
1150,1880,1500
1151,1878,1500
1152,1876,1500
1153,1877,1500
1154,1874,1500
1154,1878,1500
1155,1878,1500
1156,1882,1500
1157,1885,1500
1157,1889,1500
1158,1892,1500
1158,1895,1500
1158,1898,1500
1158,1901,1500
1158,1904,1500
1156,1906,1500
1156,1909,1500
1156,1912,1500
1156,1915,1500
1156,1915,1200
1247,1732,1500
1247,1735,1500
1247,1737,1500
1246,1740,1500
1246,1742,1500
1245,1745,1500
1244,1745,1500
1244,1747,1500
1243,1747,1500
1242,1750,1500
1241,1750,1500
1239,1753,1500
1238,1753,1500
1238,1750,1500
1237,1750,1500
1236,1748,1500
1235,1750,1500
1235,1748,1500
1235,1745,1500
1235,1743,1500
1235,1740,1500
1235,1738,1500
1236,1735,1500
1237,1732,1500
1239,1730,1500
1241,1727,1500
1242,1725,1500
1243,1725,1500
1244,1727,1500
1245,1727,1500
1246,1727,1500
1247,1730,1500
1246,1732,1500
1246,1730,1500
1246,1730,1200
1220,1916,1500
1219,1919,1500
1219,1921,1500
1218,1922,1500
1218,1924,1500
1217,1927,1500
1216,1927,1500
1216,1930,1500
1215,1930,1500
1214,1933,1500
1212,1933,1500
1211,1933,1500
1211,1931,1500
1210,1931,1500
1209,1929,1500
1208,1931,1500
1208,1929,1500
1208,1926,1500
1208,1923,1500
1207,1921,1500
1208,1918,1500
1209,1916,1500
1209,1913,1500
1211,1910,1500
1212,1907,1500
1213,1907,1500
1214,1907,1500
1216,1904,1500
1216,1907,1500
1217,1906,1500
1218,1909,1500
1219,1911,1500
1219,1914,1500
1218,1911,1500
1217,1909,1500
1217,1909,1200
1243,1737,1500
1243,1740,1500
1242,1737,1500
1243,1735,1500
1241,1735,1500
1240,1735,1500
1240,1737,1500
1239,1740,1500
1240,1743,1500
1241,1742,1500
1241,1742,1200
1215,1915,1500
1215,1917,1500
1215,1920,1500
1215,1922,1500
1214,1923,1500
1212,1923,1500
1212,1920,1500
1212,1918,1500
1213,1915,1500
1214,1915,1500
1214,1915,1200
1242,1727,1500
1242,1727,1200
1239,1743,1500
1238,1740,1500
1239,1738,1500
1239,1738,1200
1215,1907,1500
1215,1907,1200
1239,1727,1500
1238,1730,1500
1238,1730,1200
1212,1915,1500
1212,1915,1200
1211,1923,1500
1211,1923,1200
1210,1910,1500
1210,1910,1200
1207,1924,1500
1207,1924,1200
1238,1707,1500
1237,1710,1500
1237,1712,1500
1236,1715,1500
1236,1717,1500
1234,1720,1500
1234,1722,1500
1233,1722,1500
1232,1725,1500
1231,1725,1500
1230,1725,1500
1229,1724,1500
1228,1724,1500
1227,1724,1500
1226,1722,1500
1226,1724,1500
1225,1721,1500
1225,1719,1500
1225,1716,1500
1225,1714,1500
1226,1711,1500
1226,1709,1500
1228,1706,1500
1228,1704,1500
1230,1701,1500
1231,1699,1500
1232,1699,1500
1234,1699,1500
1235,1699,1500
1236,1699,1500
1236,1702,1500
1237,1705,1500
1237,1707,1500
1236,1704,1500
1235,1702,1500
1235,1702,1200
1225,1765,1500
1224,1768,1500
1222,1770,1500
1222,1770,1200
1233,1712,1500
1233,1715,1500
1232,1714,1500
1231,1717,1500
1230,1717,1500
1230,1714,1500
1229,1717,1500
1229,1714,1500
1229,1712,1500
1231,1709,1500
1232,1707,1500
1233,1709,1500
1233,1709,1200
1220,1770,1500
1219,1773,1500
1219,1773,1200
1229,1709,1500
1229,1709,1200
1229,1701,1500
1229,1701,1200
1227,1706,1500
1227,1706,1200
1224,1719,1500
1224,1719,1200
1218,1754,1500
1218,1754,1200
1288,1435,1500
1287,1438,1500
1286,1441,1500
1285,1444,1500
1284,1447,1500
1284,1449,1500
1283,1452,1500
1282,1455,1500
1281,1458,1500
1281,1461,1500
1280,1463,1500
1279,1466,1500
1278,1469,1500
1278,1472,1500
1277,1474,1500
1276,1477,1500
1276,1480,1500
1275,1482,1500
1274,1485,1500
1273,1488,1500
1273,1491,1500
1272,1493,1500
1271,1496,1500
1271,1499,1500
1270,1501,1500
1269,1504,1500
1269,1507,1500
1268,1509,1500
1267,1512,1500
1267,1514,1500
1266,1517,1500
1265,1520,1500
1265,1522,1500
1264,1525,1500
1263,1528,1500
1263,1530,1500
1262,1533,1500
1262,1535,1500
1261,1538,1500
1260,1541,1500
1260,1543,1500
1259,1546,1500
1258,1548,1500
1258,1551,1500
1257,1554,1500
1257,1556,1500
1256,1559,1500
1255,1561,1500
1255,1564,1500
1254,1567,1500
1254,1569,1500
1253,1572,1500
1252,1574,1500
1252,1577,1500
1251,1579,1500
1251,1582,1500
1250,1584,1500
1249,1587,1500
1249,1590,1500
1248,1592,1500
1248,1595,1500
1247,1597,1500
1247,1600,1500
1246,1602,1500
1246,1605,1500
1245,1607,1500
1244,1610,1500
1244,1612,1500
1243,1615,1500
1243,1618,1500
1242,1620,1500
1242,1623,1500
1241,1625,1500
1241,1628,1500
1240,1630,1500
1240,1633,1500
1239,1635,1500
1239,1638,1500
1238,1640,1500
1238,1643,1500
1237,1645,1500
1237,1648,1500
1236,1650,1500
1236,1653,1500
1235,1655,1500
1235,1658,1500
1234,1661,1500
1234,1663,1500
1233,1666,1500
1233,1668,1500
1232,1671,1500
1232,1673,1500
1231,1676,1500
1231,1678,1500
1230,1681,1500
1230,1683,1500
1229,1686,1500
1229,1688,1500
1228,1691,1500
1228,1693,1500
1226,1696,1500
1226,1698,1500
1225,1701,1500
1225,1701,1200
1219,1742,1500
1219,1742,1200
1197,1900,1500
1197,1903,1500
1197,1906,1500
1196,1908,1500
1196,1911,1500
1196,1914,1500
1195,1916,1500
1195,1919,1500
1195,1922,1500
1195,1925,1500
1194,1927,1500
1194,1930,1500
1194,1933,1500
1194,1935,1500
1193,1938,1500
1193,1941,1500
1193,1944,1500
1192,1946,1500
1192,1949,1500
1192,1952,1500
1192,1954,1500
1191,1957,1500
1191,1960,1500
1191,1963,1500
1191,1965,1500
1190,1968,1500
1190,1971,1500
1190,1974,1500
1190,1976,1500
1190,1979,1500
1189,1982,1500
1189,1985,1500
1189,1987,1500
1189,1990,1500
1188,1993,1500
1188,1996,1500
1188,1999,1500
1188,2001,1500
1188,2004,1500
1187,2007,1500
1187,2010,1500
1187,2013,1500
1187,2015,1500
1187,2018,1500
1187,2021,1500
1186,2024,1500
1186,2027,1500
1186,2029,1500
1186,2032,1500
1186,2035,1500
1186,2038,1500
1185,2041,1500
1185,2043,1500
1185,2046,1500
1185,2049,1500
1185,2049,1200
1215,1754,1500
1215,1756,1500
1214,1759,1500
1214,1762,1500
1213,1764,1500
1213,1767,1500
1213,1769,1500
1212,1769,1500
1211,1772,1500
1211,1774,1500
1210,1774,1500
1209,1777,1500
1208,1776,1500
1208,1779,1500
1207,1779,1500
1207,1781,1500
1205,1781,1500
1205,1784,1500
1204,1784,1500
1204,1786,1500
1203,1789,1500
1202,1788,1500
1202,1791,1500
1201,1791,1500
1201,1793,1500
1200,1796,1500
1199,1796,1500
1199,1798,1500
1198,1801,1500
1197,1801,1500
1197,1803,1500
1197,1806,1500
1195,1808,1500
1195,1811,1500
1195,1814,1500
1194,1816,1500
1193,1816,1500
1193,1819,1500
1193,1821,1500
1192,1824,1500
1192,1826,1500
1191,1829,1500
1190,1831,1500
1190,1834,1500
1189,1837,1500
1189,1839,1500
1189,1842,1500
1188,1845,1500
1188,1847,1500
1188,1850,1500
1187,1853,1500
1187,1855,1500
1187,1858,1500
1187,1861,1500
1186,1863,1500
1185,1863,1500
1185,1866,1500
1184,1866,1500
1183,1865,1500
1183,1868,1500
1182,1868,1500
1181,1867,1500
1180,1867,1500
1179,1867,1500
1178,1867,1500
1177,1866,1500
1176,1866,1500
1175,1865,1500
1174,1865,1500
1173,1865,1500
1172,1864,1500
1171,1861,1500
1171,1861,1500
1170,1858,1500
1170,1860,1500
1169,1857,1500
1169,1854,1500
1168,1854,1500
1168,1851,1500
1167,1853,1500
1167,1850,1500
1167,1847,1500
1166,1844,1500
1166,1847,1500
1166,1844,1500
1166,1841,1500
1165,1838,1500
1165,1840,1500
1164,1837,1500
1164,1834,1500
1162,1836,1500
1162,1835,1500
1161,1838,1500
1161,1841,1500
1160,1840,1500
1160,1843,1500
1159,1845,1500
1158,1848,1500
1157,1850,1500
1157,1853,1500
1156,1852,1500
1156,1855,1500
1155,1858,1500
1155,1857,1500
1154,1860,1500
1154,1863,1500
1153,1862,1500
1153,1865,1500
1152,1864,1500
1152,1867,1500
1151,1866,1500
1151,1869,1500
1150,1868,1500
1150,1871,1500
1149,1870,1500
1148,1873,1500
1147,1872,1500
1146,1875,1500
1146,1874,1500
1145,1876,1500
1144,1875,1500
1143,1878,1500
1143,1877,1500
1142,1877,1500
1141,1879,1500
1140,1878,1500
1139,1877,1500
1138,1876,1500
1137,1878,1500
1137,1877,1500
1136,1876,1500
1135,1875,1500
1134,1874,1500
1133,1873,1500
1133,1872,1500
1132,1872,1500
1131,1868,1500
1131,1871,1500
1130,1867,1500
1130,1866,1500
1129,1864,1500
1128,1863,1500
1127,1859,1500
1127,1858,1500
1126,1854,1500
1126,1857,1500
1125,1853,1500
1125,1849,1500
1125,1852,1500
1124,1848,1500
1124,1845,1500
1123,1841,1500
1123,1844,1500
1123,1840,1500
1123,1837,1500
1122,1833,1500
1122,1830,1500
1122,1826,1500
1122,1823,1500
1121,1819,1500
1121,1816,1500
1121,1812,1500
1121,1809,1500
1121,1806,1500
1121,1804,1500
1120,1800,1500
1121,1797,1500
1121,1794,1500
1121,1791,1500
1121,1789,1500
1121,1786,1500
1121,1783,1500
1120,1779,1500
1121,1776,1500
1121,1774,1500
1121,1771,1500
1121,1768,1500
1121,1766,1500
1121,1763,1500
1121,1760,1500
1121,1758,1500
1122,1755,1500
1122,1752,1500
1122,1750,1500
1122,1747,1500
1122,1744,1500
1122,1742,1500
1122,1739,1500
1122,1737,1500
1123,1734,1500
1123,1731,1500
1123,1729,1500
1123,1726,1500
1123,1724,1500
1123,1721,1500
1123,1719,1500
1124,1716,1500
1124,1713,1500
1124,1711,1500
1124,1708,1500
1124,1706,1500
1124,1703,1500
1124,1701,1500
1124,1698,1500
1125,1696,1500
1125,1693,1500
1125,1691,1500
1126,1689,1500
1126,1687,1500
1126,1684,1500
1127,1682,1500
1127,1679,1500
1127,1677,1500
1127,1674,1500
1127,1672,1500
1127,1669,1500
1127,1667,1500
1128,1665,1500
1128,1662,1500
1128,1660,1500
1128,1657,1500
1129,1656,1500
1129,1653,1500
1130,1651,1500
1130,1649,1500
1130,1646,1500
1131,1645,1500
1131,1642,1500
1132,1640,1500
1133,1639,1500
1133,1636,1500
1134,1635,1500
1135,1633,1500
1136,1631,1500
1137,1630,1500
1137,1627,1500
1139,1626,1500
1140,1625,1500
1142,1623,1500
1143,1624,1500
1144,1623,1500
1145,1624,1500
1147,1625,1500
1148,1623,1500
1149,1624,1500
1150,1625,1500
1151,1626,1500
1153,1627,1500
1154,1628,1500
1155,1629,1500
1156,1630,1500
1157,1631,1500
1158,1632,1500
1160,1633,1500
1161,1633,1500
1162,1634,1500
1163,1635,1500
1164,1636,1500
1165,1639,1500
1166,1640,1500
1167,1643,1500
1168,1644,1500
1169,1645,1500
1170,1648,1500
1171,1651,1500
1172,1652,1500
1172,1655,1500
1173,1658,1500
1174,1661,1500
1175,1665,1500
1175,1668,1500
1176,1671,1500
1177,1674,1500
1177,1677,1500
1177,1680,1500
1177,1682,1500
1178,1686,1500
1177,1688,1500
1178,1691,1500
1178,1694,1500
1178,1697,1500
1179,1700,1500
1180,1703,1500
1181,1701,1500
1183,1699,1500
1184,1697,1500
1185,1695,1500
1187,1693,1500
1188,1691,1500
1190,1689,1500
1191,1687,1500
1192,1688,1500
1194,1686,1500
1195,1686,1500
1196,1687,1500
1197,1685,1500
1198,1685,1500
1200,1686,1500
1201,1686,1500
1202,1687,1500
1203,1687,1500
1204,1687,1500
1205,1688,1500
1206,1688,1500
1207,1691,1500
1208,1691,1500
1209,1692,1500
1209,1695,1500
1211,1695,1500
1211,1698,1500
1212,1698,1500
1213,1701,1500
1214,1704,1500
1214,1706,1500
1215,1709,1500
1215,1712,1500
1216,1715,1500
1216,1717,1500
1216,1720,1500
1216,1723,1500
1217,1725,1500
1216,1728,1500
1217,1731,1500
1216,1733,1500
1216,1736,1500
1217,1738,1500
1216,1741,1500
1216,1744,1500
1215,1746,1500
1215,1749,1500
1214,1751,1500
1214,1751,1200
1224,1698,1500
1223,1700,1500
1223,1703,1500
1223,1703,1200
1195,1895,1500
1193,1897,1500
1193,1900,1500
1193,1903,1500
1193,1906,1500
1192,1908,1500
1192,1911,1500
1192,1914,1500
1191,1916,1500
1191,1919,1500
1191,1922,1500
1191,1924,1500
1190,1927,1500
1190,1930,1500
1190,1933,1500
1189,1935,1500
1189,1938,1500
1189,1941,1500
1189,1944,1500
1188,1946,1500
1188,1949,1500
1188,1952,1500
1188,1955,1500
1187,1957,1500
1187,1960,1500
1187,1963,1500
1187,1966,1500
1186,1968,1500
1186,1971,1500
1186,1974,1500
1186,1977,1500
1185,1980,1500
1185,1982,1500
1185,1985,1500
1185,1988,1500
1185,1991,1500
1184,1993,1500
1184,1996,1500
1184,1999,1500
1184,2002,1500
1184,2005,1500
1183,2008,1500
1183,2010,1500
1183,2013,1500
1183,2016,1500
1183,2019,1500
1182,2022,1500
1182,2024,1500
1182,2027,1500
1182,2030,1500
1182,2033,1500
1182,2036,1500
1181,2039,1500
1181,2042,1500
1181,2044,1500
1181,2047,1500
1181,2050,1500
1181,2050,1200
1282,1436,1500
1281,1438,1500
1281,1441,1500
1280,1444,1500
1279,1447,1500
1278,1450,1500
1278,1452,1500
1277,1455,1500
1276,1458,1500
1275,1461,1500
1275,1463,1500
1274,1466,1500
1273,1469,1500
1272,1472,1500
1272,1474,1500
1271,1477,1500
1270,1480,1500
1270,1482,1500
1269,1485,1500
1268,1488,1500
1268,1490,1500
1267,1493,1500
1266,1496,1500
1266,1498,1500
1265,1501,1500
1264,1504,1500
1264,1506,1500
1263,1509,1500
1262,1512,1500
1262,1514,1500
1261,1517,1500
1260,1519,1500
1260,1522,1500
1259,1525,1500
1258,1527,1500
1258,1530,1500
1257,1533,1500
1257,1535,1500
1256,1538,1500
1255,1540,1500
1255,1543,1500
1254,1545,1500
1253,1548,1500
1253,1551,1500
1252,1553,1500
1252,1556,1500
1251,1558,1500
1250,1561,1500
1250,1564,1500
1249,1566,1500
1249,1569,1500
1248,1571,1500
1248,1574,1500
1247,1576,1500
1246,1579,1500
1246,1581,1500
1245,1584,1500
1245,1586,1500
1244,1589,1500
1244,1592,1500
1243,1594,1500
1243,1597,1500
1242,1599,1500
1241,1602,1500
1241,1604,1500
1240,1607,1500
1240,1609,1500
1239,1612,1500
1239,1614,1500
1238,1617,1500
1238,1619,1500
1237,1622,1500
1237,1625,1500
1236,1627,1500
1236,1630,1500
1235,1632,1500
1235,1635,1500
1234,1637,1500
1234,1640,1500
1233,1642,1500
1233,1645,1500
1232,1647,1500
1232,1650,1500
1231,1652,1500
1231,1655,1500
1230,1657,1500
1230,1660,1500
1229,1662,1500
1229,1665,1500
1228,1667,1500
1228,1670,1500
1227,1672,1500
1227,1675,1500
1226,1678,1500
1226,1680,1500
1225,1683,1500
1225,1685,1500
1224,1688,1500
1224,1690,1500
1223,1693,1500
1223,1695,1500
1223,1695,1200
1219,1715,1500
1219,1715,1200
1216,1730,1500
1216,1730,1200
1215,1720,1500
1215,1720,1200
1215,1715,1500
1214,1712,1500
1214,1709,1500
1213,1706,1500
1212,1703,1500
1212,1701,1500
1212,1701,1200
1189,1886,1500
1189,1886,1200
1225,1643,1500
1224,1646,1500
1224,1648,1500
1223,1651,1500
1223,1653,1500
1221,1655,1500
1221,1658,1500
1219,1658,1500
1219,1660,1500
1218,1660,1500
1217,1660,1500
1216,1659,1500
1215,1659,1500
1213,1659,1500
1213,1656,1500
1212,1653,1500
1213,1650,1500
1212,1648,1500
1212,1645,1500
1213,1643,1500
1214,1640,1500
1216,1638,1500
1218,1636,1500
1219,1634,1500
1220,1634,1500
1222,1634,1500
1222,1637,1500
1223,1638,1500
1224,1640,1500
1223,1643,1500
1223,1640,1500
1223,1640,1200
1184,1918,1500
1184,1921,1500
1184,1924,1500
1183,1927,1500
1183,1929,1500
1182,1932,1500
1182,1935,1500
1181,1935,1500
1180,1938,1500
1179,1937,1500
1178,1937,1500
1177,1937,1500
1176,1937,1500
1175,1937,1500
1175,1934,1500
1174,1937,1500
1174,1934,1500
1174,1931,1500
1173,1928,1500
1174,1925,1500
1174,1922,1500
1174,1919,1500
1175,1917,1500
1177,1914,1500
1178,1912,1500
1179,1909,1500
1180,1909,1500
1181,1910,1500
1182,1910,1500
1183,1913,1500
1183,1916,1500
1183,1918,1500
1183,1918,1200
1220,1647,1500
1220,1650,1500
1219,1650,1500
1218,1652,1500
1217,1652,1500
1216,1649,1500
1217,1646,1500
1218,1644,1500
1220,1645,1500
1220,1645,1200
1182,1913,1500
1182,1913,1200
1181,1921,1500
1181,1924,1500
1180,1926,1500
1179,1926,1500
1179,1929,1500
1178,1929,1500
1177,1926,1500
1177,1929,1500
1177,1929,1200
1180,1921,1500
1179,1918,1500
1178,1920,1500
1177,1923,1500
1177,1923,1200
1219,1636,1500
1219,1636,1200
1217,1644,1500
1216,1646,1500
1216,1646,1200
1216,1651,1500
1216,1651,1200
1216,1636,1500
1215,1638,1500
1215,1638,1200
1198,1747,1500
1197,1749,1500
1197,1752,1500
1196,1754,1500
1195,1757,1500
1194,1756,1500
1194,1759,1500
1193,1759,1500
1192,1761,1500
1191,1761,1500
1190,1760,1500
1189,1760,1500
1189,1757,1500
1188,1757,1500
1187,1753,1500
1187,1751,1500
1187,1748,1500
1187,1745,1500
1187,1743,1500
1188,1740,1500
1189,1738,1500
1191,1736,1500
1192,1734,1500
1193,1734,1500
1194,1735,1500
1195,1735,1500
1196,1738,1500
1197,1738,1500
1197,1741,1500
1197,1744,1500
1197,1747,1500
1197,1747,1200
1177,1912,1500
1176,1914,1500
1176,1914,1200
1212,1655,1500
1212,1655,1200
1189,1801,1500
1189,1804,1500
1188,1806,1500
1188,1809,1500
1188,1811,1500
1187,1814,1500
1186,1816,1500
1185,1819,1500
1184,1818,1500
1183,1818,1500
1182,1817,1500
1181,1817,1500
1180,1814,1500
1180,1817,1500
1179,1814,1500
1179,1811,1500
1179,1808,1500
1179,1805,1500
1179,1803,1500
1180,1800,1500
1181,1798,1500
1182,1796,1500
1184,1793,1500
1185,1794,1500
1186,1794,1500
1187,1795,1500
1188,1795,1500
1188,1798,1500
1188,1801,1500
1187,1798,1500
1187,1798,1200
1211,1650,1500
1211,1650,1200
1196,1741,1500
1196,1741,1200
1192,1736,1500
1192,1736,1200
1183,1796,1500
1183,1796,1200
1197,1687,1500
1197,1687,1200
1190,1736,1500
1190,1736,1200
1181,1795,1500
1181,1795,1200
1186,1750,1500
1186,1750,1200
1178,1810,1500
1178,1810,1200
1199,1661,1500
1199,1661,1200
1193,1688,1500
1193,1688,1200
1191,1690,1500
1189,1692,1500
1188,1694,1500
1186,1696,1500
1185,1698,1500
1184,1700,1500
1182,1702,1500
1181,1704,1500
1181,1704,1200
1175,1798,1500
1175,1800,1500
1174,1797,1500
1174,1794,1500
1174,1791,1500
1174,1789,1500
1173,1785,1500
1174,1783,1500
1173,1780,1500
1173,1777,1500
1174,1774,1500
1174,1772,1500
1174,1769,1500
1175,1766,1500
1175,1764,1500
1175,1761,1500
1176,1759,1500
1177,1757,1500
1177,1754,1500
1179,1752,1500
1179,1749,1500
1180,1747,1500
1181,1745,1500
1181,1742,1500
1181,1740,1500
1181,1737,1500
1179,1739,1500
1178,1738,1500
1178,1741,1500
1177,1740,1500
1177,1743,1500
1176,1745,1500
1175,1745,1500
1175,1747,1500
1175,1750,1500
1174,1749,1500
1173,1752,1500
1173,1754,1500
1173,1757,1500
1171,1759,1500
1171,1761,1500
1171,1764,1500
1170,1767,1500
1170,1769,1500
1170,1772,1500
1169,1775,1500
1170,1778,1500
1170,1780,1500
1169,1783,1500
1170,1786,1500
1170,1789,1500
1170,1792,1500
1171,1795,1500
1171,1798,1500
1171,1801,1500
1172,1804,1500
1173,1802,1500
1173,1802,1200
1179,1747,1500
1179,1747,1200
1193,1645,1500
1193,1645,1200
1178,1751,1500
1178,1751,1200
1173,1788,1500
1173,1788,1200
1190,1657,1500
1189,1659,1500
1187,1661,1500
1186,1663,1500
1184,1665,1500
1183,1667,1500
1183,1667,1200
1170,1801,1500
1170,1801,1200
1170,1795,1500
1169,1792,1500
1169,1792,1200
1160,1887,1500
1159,1884,1500
1159,1881,1500
1158,1877,1500
1158,1874,1500
1158,1874,1200
1169,1786,1500
1169,1786,1200
1181,1687,1500
1181,1687,1200
1179,1703,1500
1178,1699,1500
1178,1699,1200
1169,1777,1500
1169,1777,1200
1157,1891,1500
1156,1888,1500
1156,1885,1500
1155,1881,1500
1155,1881,1200
1181,1682,1500
1181,1682,1200
1180,1676,1500
1180,1676,1200
1177,1691,1500
1177,1691,1200
1177,1685,1500
1177,1685,1200
1176,1679,1500
1176,1679,1200
1176,1674,1500
1175,1670,1500
1174,1667,1500
1174,1664,1500
1173,1661,1500
1172,1658,1500
1171,1654,1500
1171,1654,1200
1152,1879,1500
1150,1881,1500
1150,1881,1200
1147,1885,1500
1146,1887,1500
1146,1887,1200
1175,1609,1500
1175,1611,1500
1175,1613,1500
1173,1615,1500
1173,1618,1500
1171,1619,1500
1170,1621,1500
1169,1620,1500
1167,1619,1500
1166,1619,1500
1165,1618,1500
1164,1615,1500
1164,1617,1500
1163,1614,1500
1163,1611,1500
1162,1608,1500
1163,1606,1500
1162,1602,1500
1163,1601,1500
1164,1598,1500
1165,1597,1500
1167,1595,1500
1168,1594,1500
1169,1594,1500
1171,1595,1500
1172,1596,1500
1173,1599,1500
1174,1600,1500
1175,1603,1500
1174,1605,1500
1174,1608,1500
1174,1608,1200
1157,1754,1500
1157,1757,1500
1157,1759,1500
1156,1762,1500
1156,1765,1500
1155,1764,1500
1155,1767,1500
1154,1766,1500
1154,1768,1500
1153,1768,1500
1151,1769,1500
1150,1768,1500
1150,1768,1500
1149,1764,1500
1148,1761,1500
1148,1763,1500
1147,1760,1500
1147,1757,1500
1148,1754,1500
1148,1752,1500
1148,1749,1500
1148,1747,1500
1150,1745,1500
1151,1743,1500
1152,1741,1500
1153,1742,1500
1154,1743,1500
1155,1744,1500
1156,1747,1500
1157,1748,1500
1156,1751,1500
1156,1751,1200
1144,1888,1500
1144,1888,1200
1169,1647,1500
1169,1647,1200
1174,1602,1500
1174,1602,1200
1155,1747,1500
1155,1747,1200
1171,1606,1500
1170,1608,1500
1170,1610,1500
1170,1613,1500
1168,1612,1500
1167,1611,1500
1166,1608,1500
1167,1606,1500
1168,1604,1500
1169,1605,1500
1169,1605,1200
1164,1638,1500
1164,1638,1200
1152,1744,1500
1152,1744,1200
1167,1603,1500
1167,1603,1200
1166,1611,1500
1166,1611,1200
1150,1742,1500
1149,1744,1500
1149,1744,1200
1166,1594,1500
1164,1596,1500
1164,1596,1200
1162,1611,1500
1162,1611,1200
1139,1737,1500
1139,1739,1500
1138,1742,1500
1138,1745,1500
1138,1747,1500
1137,1749,1500
1137,1751,1500
1136,1750,1500
1135,1749,1500
1134,1751,1500
1133,1750,1500
1132,1746,1500
1131,1745,1500
1130,1741,1500
1130,1738,1500
1130,1735,1500
1130,1732,1500
1130,1730,1500
1131,1728,1500
1131,1726,1500
1132,1724,1500
1133,1725,1500
1135,1724,1500
1136,1725,1500
1137,1726,1500
1137,1730,1500
1138,1731,1500
1138,1733,1500
1138,1733,1200
1136,1729,1500
1136,1729,1200
1144,1625,1500
1144,1625,1200
1125,1869,1500
1125,1869,1200
1141,1626,1500
1140,1627,1500
1140,1627,1200
1124,1864,1500
1124,1864,1200
1130,1727,1500
1130,1727,1200
1130,1737,1500
1130,1737,1200
1123,1858,1500
1122,1854,1500
1121,1850,1500
1121,1846,1500
1120,1842,1500
1119,1838,1500
1119,1838,1200
1136,1629,1500
1135,1630,1500
1135,1630,1200
1122,1836,1500
1122,1836,1200
1133,1634,1500
1133,1634,1200
1122,1829,1500
1122,1829,1200
1132,1638,1500
1132,1638,1200
1121,1822,1500
1121,1822,1200
1119,1831,1500
1119,1831,1200
1118,1824,1500
1118,1824,1200
