1443,1206,1500
1428,1275,1500
1414,1313,1500
1400,1342,1500
1386,1367,1500
1373,1389,1500
1360,1408,1500
1348,1426,1500
1336,1443,1500
1325,1458,1500
1314,1473,1500
1307,1487,1500
1300,1502,1500
1294,1515,1500
1288,1528,1500
1283,1540,1500
1278,1552,1500
1273,1563,1500
1268,1574,1500
1263,1584,1500
1259,1594,1500
1271,1582,1500
1282,1570,1500
1294,1557,1500
1306,1543,1500
1318,1529,1500
1331,1514,1500
1344,1499,1500
1357,1483,1500
1371,1466,1500
1386,1447,1500
1390,1434,1500
1394,1420,1500
1399,1406,1500
1404,1390,1500
1410,1372,1500
1416,1353,1500
1422,1330,1500
1429,1304,1500
1436,1270,1500
