1391,1384,1500
1389,1388,1500
1388,1392,1500
1387,1395,1500
1386,1399,1500
1385,1402,1500
1383,1405,1500
1382,1409,1500
1381,1412,1500
1380,1415,1500
1379,1418,1500
1378,1421,1500
1376,1424,1500
1375,1427,1500
1374,1430,1500
1373,1433,1500
1372,1436,1500
1371,1439,1500
1370,1442,1500
1369,1445,1500
1368,1447,1500
1367,1450,1500
1366,1453,1500
1365,1455,1500
1364,1458,1500
1363,1461,1500
1362,1463,1500
1361,1466,1500
1360,1468,1500
1359,1471,1500
1358,1473,1500
1358,1475,1500
1357,1478,1500
1356,1480,1500
1355,1482,1500
1354,1485,1500
1353,1487,1500
1353,1489,1500
1352,1491,1500
1351,1494,1500
1350,1496,1500
1349,1498,1500
1349,1500,1500
1348,1502,1500
1347,1504,1500
1347,1506,1500
1346,1508,1500
1345,1510,1500
1345,1512,1500
1344,1514,1500
1343,1516,1500
1343,1516,1500
1341,1519,1500
1338,1522,1500
1335,1525,1500
1333,1528,1500
1330,1531,1500
1328,1534,1500
1325,1537,1500
1322,1540,1500
1320,1543,1500
1317,1546,1500
1315,1549,1500
1312,1551,1500
1310,1554,1500
1307,1557,1500
1305,1560,1500
1302,1562,1500
1300,1565,1500
1298,1568,1500
1295,1570,1500
1293,1573,1500
1290,1576,1500
1288,1578,1500
1285,1581,1500
1283,1583,1500
1281,1586,1500
1278,1588,1500
1276,1591,1500
1274,1593,1500
1271,1596,1500
1269,1598,1500
1267,1601,1500
1264,1603,1500
1262,1606,1500
1260,1608,1500
1258,1610,1500
1255,1613,1500
1253,1615,1500
1251,1617,1500
1248,1620,1500
1246,1622,1500
1244,1624,1500
1242,1627,1500
1240,1629,1500
1237,1631,1500
1235,1633,1500
1233,1636,1500
1231,1638,1500
1229,1640,1500
1226,1642,1500
1224,1644,1500
1224,1644,1500
1225,1643,1500
1226,1641,1500
1226,1639,1500
1227,1637,1500
1228,1635,1500
1228,1634,1500
1229,1632,1500
1230,1630,1500
1231,1628,1500
1232,1626,1500
1232,1624,1500
1233,1622,1500
1234,1621,1500
1235,1619,1500
1236,1617,1500
1236,1615,1500
1237,1613,1500
1238,1611,1500
1239,1609,1500
1240,1607,1500
1241,1605,1500
1242,1603,1500
1243,1601,1500
1244,1599,1500
1245,1596,1500
1246,1594,1500
1247,1592,1500
1247,1590,1500
1248,1588,1500
1249,1586,1500
1251,1584,1500
1252,1581,1500
1253,1579,1500
1254,1577,1500
1255,1575,1500
1256,1572,1500
1257,1570,1500
1258,1568,1500
1259,1566,1500
1260,1563,1500
1261,1561,1500
1262,1558,1500
1264,1556,1500
1265,1554,1500
1266,1551,1500
1267,1549,1500
1268,1546,1500
1269,1544,1500
1271,1541,1500
1272,1539,1500
1272,1539,1500
1274,1536,1500
1276,1534,1500
1278,1532,1500
1280,1529,1500
1282,1527,1500
1285,1524,1500
1287,1522,1500
1289,1519,1500
1291,1517,1500
1293,1514,1500
1295,1512,1500
1298,1509,1500
1300,1507,1500
1302,1504,1500
1304,1501,1500
1307,1499,1500
1309,1496,1500
1311,1493,1500
1313,1490,1500
1316,1488,1500
1318,1485,1500
1320,1482,1500
1323,1479,1500
1325,1476,1500
1327,1473,1500
1330,1470,1500
1332,1467,1500
1334,1464,1500
1337,1461,1500
1339,1458,1500
1342,1455,1500
1344,1451,1500
1347,1448,1500
1349,1445,1500
1352,1442,1500
1354,1438,1500
1357,1435,1500
1359,1431,1500
1362,1428,1500
1364,1424,1500
1367,1420,1500
1369,1417,1500
1372,1413,1500
1375,1409,1500
1377,1405,1500
1380,1401,1500
1383,1397,1500
1385,1393,1500
1388,1389,1500
1391,1384,1500
